task: ('set1', 'gt') 
fid-imgnet : 73.57376302287292 
fid-clip : 22.383748909698195 


