task: ('gt', 'gt_2') 
fid-imgnet : 6.213267814604264 
fid-clip : 4.6287430966350085 


